Vmax_Total=34639032.83218715
Vmax_Dihedral=3059.496587276335
Vmin_Total=-363.5370405267754
Vmin_Dihedral=432.6290346150381
Vavg_Total=17319446.53399343
Vavg_Dihedral=2392.383044078593
sigmaV_Total=13.473644751309921
sigmaV_Dihedral=79.99796012136007
threshold_energy_Total=34639032.83218715
threshold_energy_Dihedral=3288.6139690256437
k0_Total=1.0
k0_Dihedral=0.9197764039338001
